60 1
19561.53
22651.67
26208.17
30231.04
34720.28
39675.88
45097.84
50986.17
57340.87
64161.93
71449.36
79203.15
87423.31
96109.83
105262.72
114881.98
124967.60
135519.58
146537.93
158022.65
169973.73
182391.18
195274.99
208625.17
222441.72
236724.62
251473.90
266689.54
282371.55
298519.92
315134.65
332215.76
349763.22
367777.06
386257.26
405203.82
424616.75
444496.04
464841.71
485653.73
506932.12
528676.88
550888.00
573565.49
596709.34
620319.56
644396.15
668939.10
693948.41
719424.09
745366.14
771774.55
798649.33
825990.47
853797.98
882071.85
910812.09
940018.69
969691.66
999831.00


